3747843558330073088
3747837888973242368
3747840946989957120
3747842149580800000
3747837751534288896
3747842080861323264
3747839538240684032
3747838919765393408
3747837304857690112
3747841256227602432
3747841599824986112
3747835277633126400
3747837442296643584
3747838507448532992
3747839778758852608
3747835449431818240
3747839675679637504
3747835415072079872
3747838163851149312
3747839503880945664
3747841084428910592
3747836548943446016
3747843420891119616
3747842836775567360
3747842390098968576
3747841702904201216
3747840397234143232
3747841909062631424
3747842218300276736
3747835861748678656
3747838095131672576
3747834968395481088
3747841221867864064
3747842424458706944
3747839160283561984
3747842012141846528
3747837820253765632
3747842664976875520
3747837717174550528
3747841531105509376
3747836823821352960
3747840328514666496
3747836686382399488
3747841943422369792
3747837923332980736
3747839022844608512
3747842733696352256
3747838129491410944
3747838266930364416
3747838404369317888
